!R! RES; EXIT;
&l1O
&l8D
&k2S
                                                                   IMPORTS OF SECTION 201 STEEL PRODUCTS
           OCTOBER   -  PRELIMINARY                                                                                                     PREPARED   16/11/18

                 COUNTRY                                                                  QUANTITY             AVERAGE            QUANTITY             AVERAGE
                                                                         VALUE            NET TONS          UNIT PRICE         METRIC TONS          UNIT PRICE

   Flat Products: Carbon & Alloy Steel Slab          
   Canada                                                            1,089,947           1,477.888              737.50           1,340.718              812.96
   Mexico                                                           84,974,967         160,165.934              530.54         145,300.133              584.82
   Brazil                                                          508,361,589         915,055.619              555.55         830,124.728              612.39
   United Kingdom                                                       98,604              92.425            1,066.85              83.847            1,176.00
   Netherlands                                                          20,562              25.353              811.02              23.000              894.00
   Russia                                                           65,984,898         131,956.034              500.05         119,708.535              551.21
   Italy                                                               180,766             272.072              664.40             246.820              732.38
   India                                                             1,547,366           2,578.647              600.07           2,339.310              661.46
   Japan                                                                13,762              23.021              597.78              20.885              658.94

      CATEGORY TOTAL                                               662,272,461       1,211,646.997              546.59       1,099,187.976              602.51

   Flat Products: Carbon & Alloy Steel Plate         
   Canada                                                            7,892,681           8,936.245              883.22           8,106.828              973.58
   Mexico                                                              852,758           1,188.120              717.74           1,077.845              791.17
   Guatemala                                                             9,199              11.109              828.06              10.078              912.78
   El Salvador                                                         113,982             149.223              763.84             135.373              841.98
   Dominican Republic                                                   20,071              21.148              949.03              19.186            1,046.13
   Sweden                                                            1,615,552           1,220.360            1,323.83           1,107.093            1,459.27
   Finland                                                             353,877             374.916              943.88             340.119            1,040.45
   Denmark                                                             558,898             635.470              879.50             576.489              969.49
   United Kingdom                                                       62,519              59.162            1,056.74              53.671            1,164.86
   Netherlands                                                           4,294               4.073            1,054.25               3.695            1,162.11
   Belgium                                                           1,365,538           1,210.868            1,127.73           1,098.482            1,243.11
   France                                                                2,278               5.579              408.25               5.062              450.02
   Germany                                                             145,196              97.026            1,496.46              88.021            1,649.56
   Austria                                                              91,516              68.899            1,328.24              62.505            1,464.14
   Ukraine                                                           2,098,490           3,186.215              658.62           2,890.487              726.00
   Spain                                                                27,845              22.434            1,241.18              20.352            1,368.17
   Italy                                                               308,114             310.911              991.00             282.054            1,092.39
   Slovenia                                                            127,767             118.801            1,075.47             107.775            1,185.50
   Saudi Arabia                                                         36,334              46.352              783.87              42.050              864.07
   United Arab Emirates                                                  7,000               4.188            1,671.13               3.800            1,842.11
   India                                                                32,467              21.457            1,513.08              19.466            1,667.88
   China                                                               144,294             106.371            1,356.50              96.499            1,495.29
   Korea, South                                                     25,602,114          36,053.694              710.11          32,707.371              782.76
   Taiwan                                                               91,055             133.583              681.63             121.185              751.37
   Japan                                                               117,296              31.575            3,714.76              28.645            4,094.82
   Australia                                                           339,344              94.798            3,579.63              86.000            3,945.86

      CATEGORY TOTAL                                                42,020,479          54,112.591              776.54          49,090.131              855.99

   Flat Products: Carbon & Alloy Steel Hot-rolled    
   Canada                                                          116,835,687         158,035.704              739.30         143,367.620              814.94
   Mexico                                                           23,591,965          37,641.189              626.76          34,147.522              690.88
   Guatemala                                                            17,587              21.237              828.13              19.266              912.85
   El Salvador                                                         146,627             190.391              770.14             172.720              848.93
                                                                   IMPORTS OF SECTION 201 STEEL PRODUCTS
           OCTOBER   -  PRELIMINARY                                                                                                     PREPARED   16/11/18

                 COUNTRY                                                                  QUANTITY             AVERAGE            QUANTITY             AVERAGE
                                                                         VALUE            NET TONS          UNIT PRICE         METRIC TONS          UNIT PRICE

   Brazil                                                               13,700               8.025            1,706.97               7.281            1,881.61
   Sweden                                                            2,804,756           3,942.490              711.42           3,576.568              784.20
   Finland                                                             961,531           1,328.433              723.81           1,205.135              797.86
   Netherlands                                                      24,242,536          36,179.913              670.06          32,821.875              738.61
   Belgium                                                           4,650,475           6,078.120              765.12           5,513.980              843.40
   France                                                               54,321              60.120              903.54              54.540              995.98
   Germany                                                           8,855,820          11,135.090              795.31          10,101.587              876.68
   Austria                                                               7,235               1.673            4,323.77               1.518            4,766.14
   Italy                                                                17,389               4.850            3,585.24               4.400            3,952.05
   Slovenia                                                            393,763             156.605            2,514.37             142.070            2,771.61
   Turkey                                                              512,851             927.726              552.80             841.620              609.36
   Saudi Arabia                                                         31,696              39.523              801.96              35.855              884.01
   United Arab Emirates                                                119,826             139.135              861.22             126.222              949.33
   India                                                                 7,400              10.070              734.80               9.136              809.98
   Vietnam                                                           1,495,296           2,423.474              617.00           2,198.540              680.13
   China                                                                15,555              23.780              654.12              21.573              721.04
   Korea, South                                                     69,263,048          95,327.698              726.58          86,479.858              800.92
   Japan                                                            16,341,671          24,973.680              654.36          22,655.748              721.30
   Australia                                                           302,453             282.735            1,069.74             256.493            1,179.19
   New Zealand                                                       5,344,533           8,323.274              642.12           7,550.750              707.81
   Egypt                                                            11,110,638          19,280.389              576.27          17,490.880              635.22
   South Africa                                                      3,160,601           5,485.816              576.14           4,976.650              635.09

      CATEGORY TOTAL                                               290,298,960         412,021.151              704.57         373,779.407              776.66

   Flat Products: Carbon & Alloy Steel Cold-rolled   
   Canada                                                           28,710,686          31,889.608              900.31          28,929.774              992.43
   Mexico                                                           10,965,050          17,294.613              634.02          15,689.414              698.88
   Sweden                                                            2,935,434           3,000.371              978.36           2,721.892            1,078.45
   Denmark                                                               5,411               4.903            1,103.59               4.448            1,216.50
   United Kingdom                                                      384,534             127.939            3,005.59             116.065            3,313.09
   Netherlands                                                       5,565,026           8,332.282              667.89           7,558.922              736.22
   Belgium                                                           1,328,667           1,590.612              835.32           1,442.980              920.78
   France                                                              856,144             862.718              992.38             782.645            1,093.91
   Germany                                                           6,379,585           3,880.903            1,643.84           3,520.697            1,812.02
   Austria                                                           1,887,709             490.181            3,851.04             444.685            4,245.05
   Slovakia                                                             80,818              67.119            1,204.09              60.890            1,327.28
   Switzerland                                                          95,896              20.171            4,754.11              18.299            5,240.50
   Russia                                                              684,515           1,131.257              605.09           1,026.260              667.00
   Italy                                                                33,939              25.195            1,347.03              22.857            1,484.84
   Turkey                                                           11,130,026          17,733.149              627.64          16,087.247              691.85
   India                                                               397,723             214.117            1,857.50             194.244            2,047.54
   Thailand                                                          4,043,992           5,382.926              751.26           4,883.310              828.13
   Vietnam                                                          15,425,235          25,053.595              615.69          22,728.246              678.68
   China                                                                13,337               6.888            1,936.17               6.249            2,134.26
   Korea, South                                                      2,198,408           2,646.259              830.76           2,400.647              915.76
   Taiwan                                                            2,134,469           2,582.090              826.64           2,342.434              911.22
   Japan                                                             3,297,038           2,864.542            1,150.98           2,598.670            1,268.74
   Australia                                                        17,644,337          23,356.092              755.45          21,188.297              832.74
   Egypt                                                               324,376             469.507              690.89             425.930              761.57

      CATEGORY TOTAL                                               116,522,355         149,027.048              781.89         135,195.102              861.88
                                                                   IMPORTS OF SECTION 201 STEEL PRODUCTS
           OCTOBER   -  PRELIMINARY                                                                                                     PREPARED   16/11/18

                 COUNTRY                                                                  QUANTITY             AVERAGE            QUANTITY             AVERAGE
                                                                         VALUE            NET TONS          UNIT PRICE         METRIC TONS          UNIT PRICE


   Flat Products: Carbon & Alloy Steel Coated        
   Canada                                                           75,722,535          81,341.076              930.93          73,791.403            1,026.17
   Mexico                                                           23,570,883          26,804.289              879.37          24,316.449              969.34
   Honduras                                                            133,900             123.128            1,087.48             111.700            1,198.75
   Costa Rica                                                          562,895             596.448              943.74             541.089            1,040.30
   Panama                                                               37,125              22.654            1,638.73              20.552            1,806.39
   Dominican Republic                                                  152,077             138.913            1,094.76             126.020            1,206.77
   Colombia                                                            438,824             545.103              805.03             494.510              887.39
   Ecuador                                                              41,760              26.623            1,568.57              24.152            1,729.05
   Brazil                                                           13,121,690          13,316.756              985.35          12,080.762            1,086.16
   Sweden                                                              852,868             843.049            1,011.65             764.802            1,115.15
   Finland                                                              13,177              19.323              681.92              17.530              751.68
   Denmark                                                              97,465              10.133            9,618.06               9.193           10,602.09
   United Kingdom                                                    9,961,170           8,266.380            1,205.02           7,499.136            1,328.31
   Netherlands                                                       3,905,391           4,805.312              812.72           4,359.307              895.87
   Belgium                                                           4,167,608           3,748.428            1,111.83           3,400.518            1,225.58
   Luxembourg                                                          347,824             348.716              997.44             316.350            1,099.49
   France                                                            2,085,310           1,930.241            1,080.34           1,751.086            1,190.87
   Germany                                                          21,133,214          18,887.853            1,118.88          17,134.777            1,233.35
   Austria                                                          10,083,886          10,000.320            1,008.36           9,072.141            1,111.52
   Liechtenstein                                                         8,780               1.450            6,052.50               1.316            6,671.73
   Switzerland                                                          35,477               7.806            4,544.51               7.082            5,009.46
   Poland                                                              519,812             233.978            2,221.62             212.262            2,448.92
   Spain                                                                51,805              44.780            1,156.87              40.624            1,275.23
   Portugal                                                            243,702             137.804            1,768.46             125.014            1,949.40
   Italy                                                               237,927             135.566            1,755.06             122.984            1,934.62
   Turkey                                                           11,387,607          15,974.574              712.86          14,491.894              785.79
   Saudi Arabia                                                         18,165              20.543              884.21              18.637              974.67
   United Arab Emirates                                             16,399,660          18,700.142              876.98          16,964.489              966.71
   India                                                                29,506               9.634            3,062.63               8.740            3,375.97
   Pakistan                                                          1,708,443           1,982.589              861.72           1,798.575              949.89
   Thailand                                                            323,490             335.361              964.60             304.235            1,063.29
   Vietnam                                                          51,127,204          65,439.967              781.28          59,366.157              861.22
   Malaysia                                                            570,860             777.915              733.83             705.713              808.91
   Indonesia                                                         1,052,377           1,153.889              912.03           1,046.791            1,005.34
   China                                                               339,785             306.770            1,107.62             278.298            1,220.94
   Korea, South                                                     27,492,559          28,083.103              978.97          25,476.570            1,079.13
   Taiwan                                                           27,584,056          30,877.633              893.33          28,011.726              984.73
   Japan                                                             7,905,830           7,465.531            1,058.98           6,772.618            1,167.32
   Australia                                                         9,294,918           7,346.733            1,265.18           6,664.846            1,394.62
   Egypt                                                                23,665              37.313              634.23              33.850              699.11
   South Africa                                                     11,707,650          13,633.428              858.75          12,368.042              946.60

      CATEGORY TOTAL                                               334,492,880         364,481.271              917.72         330,651.940            1,011.62

   Flat Products: Carbon & Alloy Steel Tin           
   Canada                                                           19,257,428          18,436.873            1,044.51          16,725.655            1,151.37
   United Kingdom                                                    2,585,451           2,448.219            1,056.05           2,220.988            1,164.10
   Netherlands                                                      25,819,597          28,567.294              903.82          25,915.821              996.29
   Belgium                                                               5,897              10.163              580.22               9.220              639.59
   France                                                              345,501             456.257              757.25             413.910              834.72
                                                                   IMPORTS OF SECTION 201 STEEL PRODUCTS
           OCTOBER   -  PRELIMINARY                                                                                                     PREPARED   16/11/18

                 COUNTRY                                                                  QUANTITY             AVERAGE            QUANTITY             AVERAGE
                                                                         VALUE            NET TONS          UNIT PRICE         METRIC TONS          UNIT PRICE

   Germany                                                          16,110,158          17,121.548              940.93          15,532.412            1,037.20
   Spain                                                             1,796,576           2,004.530              896.26           1,818.480              987.95
   Turkey                                                              102,466             131.549              778.91             119.340              858.61
   China                                                             5,117,673           5,147.257              994.25           4,669.515            1,095.98
   Korea, South                                                      1,790,612           2,185.893              819.17           1,983.010              902.98
   Taiwan                                                              217,175             219.521              989.31             199.147            1,090.53
   Japan                                                             2,188,811           2,024.203            1,081.32           1,836.327            1,191.95

      CATEGORY TOTAL                                                75,337,345          78,753.314              956.62          71,443.825            1,054.50

   Carbon & Alloy Steel Hot-rolled bar               
   Canada                                                           36,010,041          44,241.195              813.95          40,134.949              897.22
   Mexico                                                           10,147,036          14,474.617              701.02          13,131.156              772.75
   Guatemala                                                            27,668              25.238            1,096.26              22.896            1,208.42
   Dominican Republic                                                   49,616              38.428            1,291.12              34.862            1,423.21
   Sweden                                                            1,105,729             667.375            1,656.83             605.433            1,826.34
   Finland                                                             170,616             179.340              951.35             162.695            1,048.69
   United Kingdom                                                    7,996,313           8,475.172              943.50           7,688.549            1,040.03
   Netherlands                                                         473,478             317.666            1,490.49             288.182            1,642.98
   Belgium                                                             451,609             113.503            3,978.80             102.969            4,385.87
   Luxembourg                                                          154,352             260.788              591.87             236.583              652.42
   France                                                            9,758,158          11,348.267              859.88          10,294.978              947.86
   Germany                                                          10,098,854           9,750.297            1,035.75           8,845.324            1,141.72
   Austria                                                             573,080             128.471            4,460.77             116.547            4,917.16
   Czech Republic                                                       37,296              25.284            1,475.04              22.938            1,625.95
   Switzerland                                                       2,284,800           1,549.996            1,474.07           1,406.134            1,624.88
   Poland                                                               43,492              41.028            1,060.06              37.220            1,168.51
   Ukraine                                                           1,656,033           1,211.240            1,367.22           1,098.819            1,507.10
   Spain                                                             2,718,267           3,160.608              860.05           2,867.257              948.04
   Italy                                                             1,708,900             935.949            1,825.85             849.079            2,012.65
   Slovenia                                                             45,976              20.497            2,243.01              18.595            2,472.49
   Romania                                                              80,304              43.619            1,841.01              39.571            2,029.36
   Turkey                                                              992,337           1,432.377              692.79           1,299.431              763.67
   Israel                                                               38,154              16.880            2,260.20              15.314            2,491.45
   India                                                                86,089              75.730            1,136.77              68.702            1,253.08
   Vietnam                                                              23,859              22.329            1,068.50              20.257            1,177.82
   China                                                            10,011,354          11,053.444              905.72          10,027.519              998.39
   Korea, South                                                          2,911               0.163           17,843.35               0.148           19,668.92
   Taiwan                                                              838,883           1,071.149              783.16             971.731              863.29
   Japan                                                            26,705,717          31,006.722              861.29          28,128.833              949.41
   Australia                                                            19,447              21.958              885.64              19.920              976.26
   Egypt                                                                 2,160               2.595              832.07               2.355              917.20
   South Africa                                                        246,920             150.510            1,640.55             136.541            1,808.39

      CATEGORY TOTAL                                               124,559,449         141,862.450              878.03         128,695.487              967.86

   Carbon & Alloy Steel Cold-Finished Bar            
   Canada                                                            3,050,177           2,521.264            1,209.78           2,287.253            1,333.55
   Mexico                                                            1,684,582           1,036.202            1,625.73             940.027            1,792.06
   Sweden                                                            1,845,843             944.263            1,954.80             856.622            2,154.79
   Finland                                                             120,611              66.401            1,816.40              60.238            2,002.24
   United Kingdom                                                    1,015,317             644.265            1,575.93             584.468            1,737.16
                                                                   IMPORTS OF SECTION 201 STEEL PRODUCTS
           OCTOBER   -  PRELIMINARY                                                                                                     PREPARED   16/11/18

                 COUNTRY                                                                  QUANTITY             AVERAGE            QUANTITY             AVERAGE
                                                                         VALUE            NET TONS          UNIT PRICE         METRIC TONS          UNIT PRICE

   France                                                            1,061,815             611.368            1,736.78             554.624            1,914.48
   Germany                                                           5,894,083           4,053.626            1,454.03           3,677.389            1,602.79
   Austria                                                             527,354             314.462            1,677.00             285.276            1,848.57
   Czech Republic                                                        3,011               1.499            2,008.48               1.360            2,213.97
   Switzerland                                                          39,550              10.245            3,860.05               9.295            4,254.98
   Spain                                                             1,060,391             967.522            1,095.99             877.722            1,208.12
   Italy                                                             2,377,605           1,625.213            1,462.95           1,474.369            1,612.63
   Slovenia                                                          2,327,816             756.877            3,075.55             686.628            3,390.21
   Romania                                                             122,097              67.940            1,797.10              61.635            1,980.97
   India                                                               107,707             115.044              936.22             104.367            1,032.00
   Malaysia                                                             16,090              26.082              616.88              23.662              679.99
   China                                                             2,886,031           2,871.282            1,005.14           2,604.784            1,107.97
   Korea, South                                                      1,081,662             771.032            1,402.87             699.469            1,546.40
   Taiwan                                                              521,380             222.058            2,347.94             201.448            2,588.16
   Japan                                                               581,531             313.986            1,852.09             284.844            2,041.58

      CATEGORY TOTAL                                                26,324,653          17,940.640            1,467.32          16,275.480            1,617.44

   Carbon & Alloy Steel Rebar                        
   Canada                                                              111,721             153.124              729.61             138.912              804.26
   Mexico                                                            5,399,529          10,156.039              531.66           9,213.407              586.05
   Costa Rica                                                           21,445              26.455              810.61              24.000              893.54
   Dominican Republic                                                1,885,505           2,534.146              744.04           2,298.940              820.16
   Germany                                                             636,675             813.272              782.86             737.789              862.95
   Austria                                                              37,776              22.235            1,698.88              20.172            1,872.69
   Spain                                                             5,770,157           7,266.627              794.06           6,592.175              875.30
   Italy                                                            14,577,969          28,807.707              506.04          26,133.920              557.82
   Turkey                                                              303,852             581.076              522.91             527.144              576.41
   Korea, South                                                        866,335           1,251.599              692.18           1,135.432              763.00
   Australia                                                            22,213              20.152            1,102.25              18.282            1,215.02

      CATEGORY TOTAL                                                29,633,177          51,632.437              573.93          46,840.173              632.64

   Carbon & Alloy Steel Welded Tubular               
   Canada                                                           56,134,880          50,503.759            1,111.50          45,816.252            1,225.22
   Mexico                                                           38,166,302          32,953.727            1,158.18          29,895.127            1,276.67
   Guatemala                                                         1,966,965           2,163.806              909.03           1,962.973            1,002.03
   Costa Rica                                                           96,785             114.993              841.66             104.320              927.77
   Dominican Republic                                                  658,502             664.714              990.65             603.019            1,092.01
   Colombia                                                             17,482              22.725              769.28              20.616              847.98
   Sweden                                                               55,375              25.447            2,176.01              23.086            2,398.64
   Finland                                                           1,645,234             572.244            2,875.05             519.132            3,169.20
   United Kingdom                                                       32,760              11.272            2,906.26              10.226            3,203.60
   Netherlands                                                           2,130               0.270            7,886.96               0.245            8,693.88
   Belgium                                                               4,692               0.059           78,824.30               0.054           86,888.89
   France                                                              545,620             150.981            3,613.82             136.968            3,983.56
   Germany                                                          16,153,669          13,590.900            1,188.57          12,329.461            1,310.17
   Austria                                                             931,689             487.428            1,911.44             442.188            2,107.00
   Czech Republic                                                        8,652               0.767           11,277.25               0.696           12,431.03
   Slovakia                                                             56,186              20.534            2,736.12              18.629            3,016.05
   Switzerland                                                       1,894,698             649.072            2,919.08             588.829            3,217.74
   Estonia                                                               3,752               1.221            3,071.98               1.108            3,386.28
                                                                   IMPORTS OF SECTION 201 STEEL PRODUCTS
           OCTOBER   -  PRELIMINARY                                                                                                     PREPARED   16/11/18

                 COUNTRY                                                                  QUANTITY             AVERAGE            QUANTITY             AVERAGE
                                                                         VALUE            NET TONS          UNIT PRICE         METRIC TONS          UNIT PRICE

   Poland                                                               30,571               6.844            4,466.67               6.209            4,923.66
   Russia                                                                3,165               1.187            2,665.96               1.077            2,938.72
   Ukraine                                                           2,910,447           4,227.602              688.44           3,835.218              758.87
   Spain                                                               494,533             255.767            1,933.53             232.028            2,131.35
   Portugal                                                              6,831               4.928            1,386.04               4.471            1,527.85
   Italy                                                             7,157,803           8,108.924              882.71           7,356.295              973.02
   Slovenia                                                             13,144               2.293            5,729.96               2.081            6,316.19
   Greece                                                           33,349,020          35,868.827              929.75          32,539.662            1,024.87
   Romania                                                               7,170               2.105            3,405.51               1.910            3,753.93
   Turkey                                                           26,747,436          29,985.060              892.03          27,201.997              983.29
   Jordan                                                              200,390             260.741              768.54             236.541              847.17
   United Arab Emirates                                              4,853,920           6,247.413              776.95           5,667.560              856.44
   Oman                                                              4,617,110           6,620.054              697.44           6,005.614              768.80
   India                                                             5,906,292           6,270.522              941.91           5,688.524            1,038.28
   Thailand                                                          2,110,039           2,724.394              774.50           2,471.530              853.74
   Vietnam                                                           8,985,102          11,947.030              752.08          10,838.167              829.02
   Malaysia                                                             54,902              43.102            1,273.75              39.102            1,404.07
   Indonesia                                                           728,952             903.999              806.36             820.095              888.86
   Philippines                                                          21,298              31.316              680.09              28.410              749.67
   China                                                             1,807,846           1,854.167              975.02           1,682.073            1,074.77
   Korea, South                                                      4,865,591           4,441.506            1,095.48           4,029.268            1,207.56
   Taiwan                                                            3,209,999           2,120.553            1,513.76           1,923.734            1,668.63
   Japan                                                             3,637,077           2,863.302            1,270.24           2,597.545            1,400.20
   South Africa                                                      2,005,175           2,599.395              771.40           2,358.133              850.32

      CATEGORY TOTAL                                               232,099,186         229,324.972            1,012.10         208,040.173            1,115.65

   Carbon & Alloy Steel Fittings & Flanges           
   Canada                                                            5,865,809             808.532            7,254.88             733.489            7,997.13
   Mexico                                                            4,898,149           1,390.501            3,522.58           1,261.442            3,882.98
   Colombia                                                          4,626,936             668.729            6,919.00             606.661            7,626.89
   Brazil                                                              418,387              27.724           15,091.03              25.151           16,635.00
   Argentina                                                           642,264             148.328            4,330.02             134.561            4,773.03
   Sweden                                                              187,807              12.887           14,573.24              11.691           16,064.24
   Norway                                                               63,732               0.649           98,160.81               0.589          108,203.74
   Finland                                                              15,295               0.631           24,215.35               0.573           26,692.84
   Denmark                                                              11,726               0.328           35,696.82               0.298           39,348.99
   United Kingdom                                                      433,899              14.852           29,213.79              13.474           32,202.69
   Ireland                                                              29,250               0.644           45,359.25               0.585           50,000.00
   Netherlands                                                         891,435              35.564           25,064.98              32.264           27,629.40
   Belgium                                                             564,948              45.292           12,473.23              41.089           13,749.37
   France                                                              914,688             248.116            3,686.52             225.088            4,063.69
   Germany                                                           4,410,680             834.411            5,285.97             756.966            5,826.79
   Austria                                                           1,635,055             340.811            4,797.54             309.179            5,288.38
   Czech Republic                                                       21,720               0.662           32,785.45               0.601           36,139.77
   Hungary                                                              51,919               0.326          159,122.09               0.296          175,402.03
   Switzerland                                                          62,328               2.469           25,242.42               2.240           27,825.00
   Poland                                                              104,547               8.105           12,898.61               7.353           14,218.28
   Russia                                                               29,607               9.919            2,984.67               8.999            3,290.03
   Spain                                                             3,635,853           1,484.571            2,449.09           1,346.781            2,699.66
   Portugal                                                              7,611               0.675           11,263.60               0.613           12,415.99
   Italy                                                            12,826,183           3,613.503            3,549.51           3,278.116            3,912.67
                                                                   IMPORTS OF SECTION 201 STEEL PRODUCTS
           OCTOBER   -  PRELIMINARY                                                                                                     PREPARED   16/11/18

                 COUNTRY                                                                  QUANTITY             AVERAGE            QUANTITY             AVERAGE
                                                                         VALUE            NET TONS          UNIT PRICE         METRIC TONS          UNIT PRICE

   Romania                                                             757,120             354.100            2,138.15             321.235            2,356.90
   Turkey                                                              866,896             188.976            4,587.31             171.437            5,056.64
   Israel                                                               28,713               0.788           36,430.77               0.715           40,158.04
   United Arab Emirates                                                 30,803               8.107            3,799.32               7.355            4,188.04
   India                                                            17,384,301           9,269.616            1,875.41           8,409.257            2,067.28
   Thailand                                                          1,994,413             867.593            2,298.79             787.068            2,533.98
   Vietnam                                                           1,392,051             465.313            2,991.64             422.125            3,297.72
   Cambodia                                                            693,867             400.537            1,732.34             363.362            1,909.58
   Malaysia                                                            971,629             504.383            1,926.37             457.569            2,123.46
   Singapore                                                            46,340               3.390           13,666.76               3.076           15,065.02
   Indonesia                                                           475,168             201.412            2,359.18             182.718            2,600.55
   Philippines                                                       1,008,746             455.242            2,215.84             412.989            2,442.55
   China                                                            46,243,409          14,461.829            3,197.62          13,119.555            3,524.77
   Korea, South                                                     13,449,287           5,558.926            2,419.40           5,042.975            2,666.94
   Hong Kong                                                            19,829               6.568            3,018.72               5.959            3,327.57
   Taiwan                                                            1,587,966             500.873            3,170.39             454.385            3,494.76
   Japan                                                             2,749,618             294.722            9,329.51             267.368           10,284.02
   Australia                                                           154,205              10.422           14,795.61               9.455           16,309.36

      CATEGORY TOTAL                                               132,204,189          43,251.048            3,056.67          39,236.702            3,369.40

   Stainless Steel Bar                               
   Canada                                                              193,016              14.801           13,040.01              13.428           14,374.14
   Mexico                                                                6,957               3.422            2,032.62               3.105            2,240.58
   Brazil                                                              531,912             136.396            3,899.74             123.737            4,298.73
   Sweden                                                            1,649,748             466.225            3,538.52             422.953            3,900.55
   United Kingdom                                                      800,219             167.184            4,786.45             151.667            5,276.16
   Ireland                                                               5,246               0.881            5,948.87               0.800            6,557.50
   Netherlands                                                          13,786               4.149            3,322.65               3.764            3,662.59
   France                                                            1,746,377             586.829            2,975.95             532.363            3,280.43
   Germany                                                           4,435,835           1,235.838            3,589.33           1,121.134            3,956.56
   Austria                                                           1,569,827             224.697            6,986.41             203.842            7,701.20
   Czech Republic                                                       13,202               3.683            3,583.68               3.342            3,950.33
   Switzerland                                                         413,076              63.991            6,455.18              58.052            7,115.62
   Ukraine                                                           1,127,033             360.669            3,124.84             327.194            3,444.54
   Spain                                                                18,811               3.568            5,271.87               3.237            5,811.24
   Portugal                                                          3,548,442             826.362            4,294.05             749.664            4,733.38
   Italy                                                            18,451,602           4,822.886            3,825.84           4,375.250            4,217.27
   Slovenia                                                            518,262             141.393            3,665.39             128.270            4,040.40
   Israel                                                                8,000               1.654            4,835.10               1.501            5,329.78
   Saudi Arabia                                                        316,235             144.865            2,182.95             131.420            2,406.29
   United Arab Emirates                                                516,907             219.281            2,357.27             198.929            2,598.45
   India                                                             4,431,119           1,445.984            3,064.43           1,311.775            3,377.96
   Vietnam                                                             125,956               9.058           13,904.28               8.218           15,326.84
   China                                                               645,166             161.150            4,003.51             146.193            4,413.11
   Korea, South                                                        115,063              25.338            4,540.98              22.987            5,005.57
   Taiwan                                                            9,449,803           3,104.694            3,043.71           2,816.532            3,355.12
   Japan                                                                97,435              12.256            7,949.60              11.119            8,762.93

      CATEGORY TOTAL                                                50,749,035          14,187.267            3,577.08          12,870.476            3,943.06

   Stainless Steel Rod                               
                                                                   IMPORTS OF SECTION 201 STEEL PRODUCTS
           OCTOBER   -  PRELIMINARY                                                                                                     PREPARED   16/11/18

                 COUNTRY                                                                  QUANTITY             AVERAGE            QUANTITY             AVERAGE
                                                                         VALUE            NET TONS          UNIT PRICE         METRIC TONS          UNIT PRICE

   Canada                                                                5,099               1.319            3,864.44               1.197            4,259.82
   Sweden                                                            2,676,484             600.347            4,458.23             544.626            4,914.35
   United Kingdom                                                    1,462,158             440.852            3,316.66             399.935            3,655.99
   France                                                            1,865,246             401.375            4,647.13             364.122            5,122.59
   Germany                                                             315,026             142.003            2,218.45             128.823            2,445.42
   Spain                                                                57,584              21.471            2,681.83              19.479            2,956.21
   Italy                                                             1,193,182             347.834            3,430.32             315.550            3,781.28
   China                                                             1,828,782             800.102            2,285.68             725.841            2,519.54
   Taiwan                                                            1,500,857             471.078            3,186.00             427.355            3,511.97
   Japan                                                                59,803              18.407            3,248.84              16.699            3,581.23

      CATEGORY TOTAL                                                10,964,221           3,244.792            3,379.02           2,943.627            3,724.73

   Stainless Steel Wire                              
   Canada                                                            1,015,796             171.960            5,907.15             156.000            6,511.51
   Mexico                                                                6,694               1.531            4,371.99               1.389            4,819.29
   Costa Rica                                                           41,087               1.793           22,909.35               1.627           25,253.23
   Sweden                                                              572,924              82.790            6,920.19              75.106            7,628.21
   United Kingdom                                                      311,684              26.786           11,636.01              24.300           12,826.50
   Ireland                                                              69,187               4.887           14,155.48               4.434           15,603.74
   Netherlands                                                          59,985               1.724           34,793.79               1.564           38,353.58
   Belgium                                                               2,438               0.938            2,598.96               0.851            2,864.86
   France                                                              683,192             113.721            6,007.61             103.166            6,622.26
   Germany                                                           1,683,878             497.089            3,387.48             450.952            3,734.05
   Czech Republic                                                      270,665              68.730            3,938.08              62.351            4,340.99
   Hungary                                                               4,236               0.104           40,450.90               0.095           44,589.47
   Switzerland                                                         323,855              21.921           14,773.29              19.887           16,284.76
   Italy                                                               555,814             134.912            4,119.80             122.391            4,541.30
   United Arab Emirates                                                310,834             121.653            2,555.08             110.362            2,816.49
   India                                                             5,919,847           1,951.059            3,034.17           1,769.972            3,344.60
   Thailand                                                            209,380              56.142            3,729.41              50.932            4,110.97
   Vietnam                                                             182,628              66.247            2,756.74              60.099            3,038.79
   Malaysia                                                             28,476               0.041          679,815.79               0.038          749,368.42
   China                                                             2,473,362             719.659            3,436.85             652.864            3,788.48
   Korea, South                                                      2,063,780             421.880            4,891.85             382.724            5,392.35
   Taiwan                                                            1,204,598             253.627            4,749.48             230.087            5,235.40
   Japan                                                             1,346,960             160.770            8,378.13             145.849            9,235.31

      CATEGORY TOTAL                                                19,341,300           4,879.974            3,963.40           4,427.040            4,368.90


      GRAND TOTAL                                                2,146,819,690       2,776,365.958              773.25       2,518,677.540              852.36
!R! RES; EXIT;
&l1O
&l8D
&k2S
                                                                   IMPORTS OF SECTION 201 STEEL PRODUCTS
           OCTOBER   -  PRELIMINARY                                                                                                     PREPARED   16/11/18

                 COUNTRY                                                                  QUANTITY             AVERAGE            QUANTITY             AVERAGE
                                                                         VALUE            NET TONS          UNIT PRICE         METRIC TONS          UNIT PRICE

   Flat Products                                     
   Canada                                                          249,508,964         300,117.396              831.37         272,261.998              916.43
   Mexico                                                          143,955,623         243,094.147              592.18         220,531.363              652.77
   Guatemala                                                            26,786              32.346              828.10              29.344              912.83
   El Salvador                                                         260,609             339.614              767.37             308.093              845.88
   Honduras                                                            133,900             123.128            1,087.48             111.700            1,198.75
   Costa Rica                                                          562,895             596.448              943.74             541.089            1,040.30
   Panama                                                               37,125              22.654            1,638.73              20.552            1,806.39
   Dominican Republic                                                  172,148             160.062            1,075.51             145.206            1,185.54
   Colombia                                                            438,824             545.103              805.03             494.510              887.39
   Ecuador                                                              41,760              26.623            1,568.57              24.152            1,729.05
   Brazil                                                          521,496,979         928,380.401              561.73         842,212.771              619.20
   Sweden                                                            8,208,610           9,006.272              911.43           8,170.355            1,004.68
   Finland                                                           1,328,585           1,722.673              771.23           1,562.784              850.14
   Denmark                                                             661,774             650.506            1,017.32             590.130            1,121.40
   United Kingdom                                                   13,092,278          10,994.126            1,190.84           9,973.707            1,312.68
   Netherlands                                                      59,557,406          77,914.229              764.40          70,682.620              842.60
   Belgium                                                          11,518,185          12,638.194              911.38          11,465.180            1,004.62
   Luxembourg                                                          347,824             348.716              997.44             316.350            1,099.49
   France                                                            3,343,554           3,314.917            1,008.64           3,007.243            1,111.83
   Germany                                                          52,623,973          51,122.421            1,029.37          46,377.494            1,134.69
   Austria                                                          12,070,346          10,561.075            1,142.91           9,580.849            1,259.84
   Slovakia                                                             80,818              67.119            1,204.09              60.890            1,327.28
   Liechtenstein                                                         8,780               1.450            6,052.50               1.316            6,671.73
   Switzerland                                                         131,373              27.977            4,695.62              25.381            5,176.04
   Poland                                                              519,812             233.978            2,221.62             212.262            2,448.92
   Russia                                                           66,669,413         133,087.292              500.94         120,734.795              552.20
   Ukraine                                                           2,098,490           3,186.215              658.62           2,890.487              726.00
   Spain                                                             1,876,226           2,071.745              905.63           1,879.456              998.28
   Portugal                                                            243,702             137.804            1,768.46             125.014            1,949.40
   Italy                                                               778,135             748.595            1,039.46             679.115            1,145.81
   Slovenia                                                            521,530             275.406            1,893.67             249.845            2,087.41
   Turkey                                                           23,132,950          34,767.000              665.37          31,540.101              733.45
   Saudi Arabia                                                         86,195             106.419              809.96              96.542              892.82
   United Arab Emirates                                             16,526,486          18,843.467              877.04          17,094.511              966.77
   India                                                             2,014,462           2,833.926              710.84           2,570.896              783.56
   Pakistan                                                          1,708,443           1,982.589              861.72           1,798.575              949.89
   Thailand                                                          4,367,482           5,718.287              763.77           5,187.545              841.92
   Vietnam                                                          68,047,735          92,917.038              732.35          84,292.943              807.28
   Malaysia                                                            570,860             777.915              733.83             705.713              808.91
   Indonesia                                                         1,052,377           1,153.889              912.03           1,046.791            1,005.34
   China                                                             5,630,644           5,591.069            1,007.08           5,072.134            1,110.11
   Korea, South                                                    126,346,741         164,296.650              769.02         149,047.456              847.69
   Taiwan                                                           30,026,755          33,812.829              888.03          30,674.492              978.88
   Japan                                                            29,864,408          37,382.554              798.89          33,912.893              880.62
   Australia                                                        27,581,052          31,080.359              887.41          28,195.636              978.20
   New Zealand                                                       5,344,533           8,323.274              642.12           7,550.750              707.81
   Egypt                                                            11,458,679          19,787.209              579.10          17,950.660              638.34
                                                                   IMPORTS OF SECTION 201 STEEL PRODUCTS
           OCTOBER   -  PRELIMINARY                                                                                                     PREPARED   16/11/18

                 COUNTRY                                                                  QUANTITY             AVERAGE            QUANTITY             AVERAGE
                                                                         VALUE            NET TONS          UNIT PRICE         METRIC TONS          UNIT PRICE

   South Africa                                                     14,868,251          19,119.244              777.66          17,344.692              857.22

      CATEGORY TOTAL                                             1,520,944,480       2,270,042.374              670.01       2,059,348.381              738.56


      GRAND TOTAL                                                1,520,944,480       2,270,042.374              670.01       2,059,348.381              738.56
